16 4
-0.5741937168739992 -0.9420720467597651 -0.0995072384598153 0.5610312267881566 
-1.081489201418912 -0.288663109372198 -1.005558424381098 -0.9395159865582854 
-0.25299786999573565 -1.0759733677236243 -0.5538960372532536 0.30016261770188973 
-0.09856676209227727 -0.38728335466471264 -0.6668731682298827 0.19225495573600138 
-0.5510961175556244 -0.42775815125987326 -1.0189559417817893 -0.5512191472281279 
0.1370481859770023 -0.30488493280101403 -1.0662697713681148 -0.09514650978436148 
-0.5387467534636091 -0.6130494488491613 -0.3930356786144356 0.24876161281941087 
-0.36662605049216146 -0.2809410962339648 -0.2988486567677371 0.47296922083379167 
-1.1357905804150712 0.06400994518897479 -0.6209617764498812 -0.5399935141437617 
0.03559439490733571 -2.1312905417406975 -0.7399273666536231 0.35475048781041796 
-0.25861140900094226 -0.15928667489964893 -0.012034556187400276 0.8865836943961591 
-0.44760610134950785 0.6995478555285893 -0.9397856712508756 -0.45211475845444754 
-0.2386656401436549 0.037713272669400215 -0.6961592614874395 0.08603879015649354 
-1.1543926065678556 -0.7314768584784421 -0.8197103520066502 -0.7534632680935532 
-0.6565133450109959 0.32633871540174086 -0.32949173572382345 0.16896429304136604 
-0.5111952064882578 -1.0675093065616557 -0.7339670638700149 -0.08730839016076025 
0.34321223967280484 
-0.01567406418737181 
1.8364568032668451 
-0.06579291901897802 
