16 4
-0.1216070796325728 -0.5301709776890048 -1.4828202954990484 -0.25893279581898637 
-0.24521508380955986 -0.6042908422392573 0.6099652670257036 0.3113326949331542 
0.4686625541475396 -0.1719153946555366 -0.8892248101262635 0.7449201783628601 
0.11478605937654432 -0.35714954593189757 -0.14325780920413936 0.20886240072640733 
-0.6343575115989899 -0.8478123720793209 -0.8885528457112478 -0.2626212583143871 
0.28155703171577884 -0.11155150666236725 0.2996003729872887 -0.5528582327413298 
0.2106518505971054 -0.28202265485932604 -0.7728157371866591 0.22689200434333867 
-0.011267986167258826 -0.484525441149851 0.04048630597194103 0.3319219530317431 
0.36616079536684226 -0.2824700274554996 0.14706180461967475 1.2408637535227864 
-0.1593048735282615 -0.530788229524981 -0.28217972268117425 -0.06462355037923542 
-0.241634199446836 -0.6064943692197337 -0.39809886541006567 -0.05131033256147824 
0.2398036756746017 -0.35898104618555116 0.04010190573198132 0.7599071800000126 
-0.13108926246354527 -0.4948387915208182 0.11773320120310504 -0.04747303179544602 
0.36449820783024595 -0.27007419045160075 -0.07093074436664391 1.212241260058392 
0.5959117547016058 -0.03914210633564082 0.07040138860872541 0.5400228234148134 
0.020903192090157237 -0.4434944593081054 -0.24042600731393357 0.19791376869852184 
0.204501637391241 
-1.5545235543746032 
0.014079792561002918 
-0.05671116495840619 
