16 4
0.5059344189534041 -0.44517628823765587 -0.5942326677089049 -0.4363838163956736 
-0.26182901521655066 0.8835096756692351 0.6107752752882334 -0.8400313091045828 
-0.20057173519553437 0.017734622707761077 -1.6534847478467642 -0.6949592444982973 
0.109493200985325 -1.3736026513262276 -0.2630441713491747 -0.48178836348406406 
0.08263600462691828 -1.4455028905578415 0.13511250226262655 -0.48368770484636703 
-0.014492814402332438 -1.6655495498223427 -0.22044807796193994 -0.4959106346650941 
-0.9929077758230839 -1.969953989158446 -1.0898704916736421 -0.7691024906263535 
-0.4475565722532689 -0.9183420164979155 -0.7483577445343051 -0.7155022918135646 
0.06081265926293897 -0.6742373686808014 -0.5656440698671228 -0.5751081937113265 
0.27332092711505956 -1.7020591774161797 -0.9136853200309819 -0.35074540651984754 
0.1699387007463692 -0.49095547756419256 -1.9381993802137805 -0.5120726514704883 
0.2495152040921785 -1.7036976174800853 -0.24541404059521305 -0.4145350427684509 
0.4423854947067782 -0.892278260779257 -2.559332043023165 -0.35507128280487854 
1.1382245132342697 -0.35974190125835714 -2.932643259949962 -0.17748232196911912 
0.46881930257502985 -0.8953812333082243 -1.3801754101824275 -0.3687959195455087 
0.8779709042352024 -0.2942094049753214 -0.4021841580041927 -0.33408723950960484 
0.03612685745627138 
-0.4135176563955958 
-0.08153193879132586 
-0.9464897867057286 
